\order file
\character channelID = 3
| order  | wavelength_center |    a5     |    a4     |    a3     |    a2     |    a1     |    a0     |    b5     |    b4     |    b3     |    b2     |    b1     |    b0     | wavelength_min | wavelength_max | width_search |  width_found |
| int    | real              |  real     | real      | real      |  real     |    real   | real      |  real     | real      | real      |  real     |    real   | real      | real           | real           | real         |  real        |
11                 35.7900     0.0000e+00  0.0000e+00  -5438.63   -274.431     93.8063     120.276     0.0000e+00  0.0000e+00 -0.121226    1.3735e-04  1330.07     64.4998          34.0813          37.4987        6.5000e+00     6.5000e+00
12                 32.8753     0.0000e+00  0.0000e+00   2722.76   -39.0514     65.8857     99.7947     0.0000e+00  0.0000e+00  0.079814    4.7187e-03  1330.07     64.5001          31.3058          34.4448        6.5000e+00     6.5000e+00
13                 30.3996     0.0000e+00  0.0000e+00  -3147.33   -48.0482     57.6941     82.3159     0.0000e+00  0.0000e+00  0.040482    1.7397e-03  1330.07     64.5000          28.9482          31.8509        6.5000e+00     6.5000e+00
14                 28.2706     0.0000e+00  0.0000e+00   504.081   -95.4845     32.0008     67.0695     0.0000e+00  0.0000e+00 -0.051701    9.0373e-03  1330.07     64.5000          26.9209          29.6203        6.5000e+00     6.5000e+00
15                 26.4203     0.0000e+00  0.0000e+00   2926.04   -7.76398     16.3209     53.8263     0.0000e+00  0.0000e+00 -0.056542   -7.5035e-05  1330.07     64.5001          25.1589          27.6817        6.5000e+00     6.5000e+00
16                 24.7973     0.0000e+00  0.0000e+00  -1264.35   -103.540     13.0887     42.1661     0.0000e+00  0.0000e+00  0.113055   -2.0338e-03  1330.07     64.4999          23.6135          25.9812        6.5000e+00     6.5000e+00
17                 23.3622     0.0000e+00  0.0000e+00   1497.53   -139.375    -6.53944     31.8836     0.0000e+00  0.0000e+00 -0.219696    2.4512e-03  1330.07     64.4999          22.2469          24.4776        6.5000e+00     6.5000e+00
18                 22.0841     0.0000e+00  0.0000e+00   1728.62   -229.929    -15.7338     22.7568     0.0000e+00  0.0000e+00 -0.209669    3.4287e-03  1330.07     64.4997          21.0298          23.1385        6.5000e+00     6.5000e+00
19                 20.9386     0.0000e+00  0.0000e+00   1073.32   -154.057    -21.7370     14.3807     0.0000e+00  0.0000e+00 -0.087464    3.6177e-03  1330.07     64.5002          19.9390          21.9383        6.0000e+00     6.0000e+00
20                 19.9061     0.0000e+00  0.0000e+00  -2321.94   -134.811    -25.9594     6.86594     0.0000e+00  0.0000e+00  0.050072    1.2471e-03  1330.07     64.5001          18.9557          20.8565        6.0000e+00     6.0000e+00