\comment SLCF: SLIT LOSS CORRECTION FUNCTION, SL
\comment 2005-02-18, JD Smith
\comment From the SPITE simulations of G. Sloan (PSF circular+central
\comment obscuration, geometric slits).  To be updated by K. Sheth, using 
\comment STinyTim PSF + derived slit beam profiles
| wavelength        |   slcf         |
| real              |   real         |
| micron            |                |
       5.199999809      0.8600000143
       5.300000191      0.8547999859
       5.400000095      0.8496999741
       5.500000000      0.8447999954
       5.599999905      0.8402000070
       5.699999809      0.8356999755
       5.800000191      0.8313999772
       5.900000095      0.8274000287
       6.000000000      0.8237000108
       6.099999905      0.8202000260
       6.199999809      0.8169999719
       6.300000191      0.8138999939
       6.400000095      0.8109999895
       6.500000000      0.8082000017
       6.599999905      0.8057000041
       6.699999809      0.8033000231
       6.800000191      0.8009999990
       6.900000095      0.7987999916
       7.000000000      0.7967000008
       7.099999905      0.7947000265
       7.199999809      0.7926999927
       7.300000191      0.7907999754
       7.400000095      0.7889999747
       7.500000000      0.7871999741
       7.599999905      0.7856000066
       7.699999809      0.7839999795
       7.800000191      0.7825000286
       7.900000095      0.7810999751
       8.000000000      0.7796999812
       8.100000381      0.7782999873
       8.199999809      0.7767999768
       8.300000191      0.7752000093
       8.399999619      0.7736999989
       8.500000000      0.7721999884
       8.600000381      0.7706999779
       8.699999809      0.7692000270
       8.800000191      0.7675999999
       8.899999619      0.7660999894
       9.000000000      0.7645000219
       9.100000381      0.7627999783
       9.199999809      0.7610999942
       9.300000191      0.7592999935
       9.399999619      0.7574999928
       9.500000000      0.7556999922
       9.600000381      0.7538999915
       9.699999809      0.7519999743
       9.800000191      0.7501000166
       9.899999619      0.7481999993
       10.00000000      0.7462000251
       10.10000038      0.7441999912
       10.19999981      0.7422000170
       10.30000019      0.7402999997
       10.39999962      0.7383000255
       10.50000000      0.7362999916
       10.60000038      0.7343999743
       10.69999981      0.7324000001
       10.80000019      0.7304999828
       10.89999962      0.7286000252
       11.00000000      0.7265999913
       11.10000038      0.7246000171
       11.19999981      0.7225999832
       11.30000019      0.7206000090
       11.39999962      0.7185000181
       11.50000000      0.7164000273
       11.60000038      0.7142000198
       11.69999981      0.7120000124
       11.80000019      0.7096999884
       11.89999962      0.7074999809
       12.00000000      0.7052000165
       12.10000038      0.7030000091
       12.19999981      0.7006999850
       12.30000019      0.6984000206
       12.39999962      0.6962000132
       12.50000000      0.6938999891
       12.60000038      0.6916000247
       12.69999981      0.6894000173
       12.80000019      0.6870999932
       12.89999962      0.6848000288
       13.00000000      0.6825000048
       13.10000038      0.6801999807
       13.19999981      0.6779000163
       13.30000019      0.6755999923
       13.39999962      0.6732000113
       13.50000000      0.6708999872
       13.60000038      0.6685000062
       13.69999981      0.6661000252
       13.80000019      0.6636999846
       13.89999962      0.6613000035
       14.00000000      0.6589999795
       14.10000038      0.6565999985
       14.19999981      0.6542000175
       14.30000019      0.6517999768
       14.39999962      0.6495000124
       14.50000000      0.6470999718
       14.60000038      0.6446999907
       14.69999981      0.6423000097
       14.80000019      0.6399999857
       14.89999962      0.6376000047
       15.00000000      0.6352000237
       15.10000038      0.6327999830
       15.19999981      0.6304000020
       15.30000019      0.6280999780
       15.39999962      0.6256999969
       15.50000000      0.6233000159
       15.60000038      0.6208999753
