\comment  New fluxcon as of Nov. 17, 2004 based on HR 6688
\comment v2.0	kjs	May 2, 2005	Deriving a new fluxcon from ksi Dra from C-18 because LH wavsamp change
\comment	kjs	
\comment        kjs        Redid after taking out all the spikes May 3
| order  | key_wavelength |    passband    |   signal_irs   |  s_irs_sigma  |   signal_ref   |  s_ref_sigma  |   fluxcon   |  fluxcon_sigma  |    a0     |    a0_sigma   |    a1     |    a1_sigma   |     a2     |    a2_sigma   |    a3     |    a3_sigma   |    a4     |    a4_sigma   |    a5     |   a5_sigma   |
| int    | real           |    real        |   real         |  real         |   real         |  real         |   real      |  real           |   real    |    real       |   real    |    real       |     real   |    real       |   real    |    real       |    real   |    real       |    real   |   real       |
|        |  microns       |    microns     |  electrons/sec | electrons/sec |     Jy         |     Jy        | elec/sec/Jy |  elec/sec/Jy    |           |               |           |               |            |               |           |               |           |               |           |              |
 11         35.5000          0.0000           0.0000            0.0000          0.0000          0.0000         303.0000          0.00000      1.038840        0.000000   -0.035150         0.000000     -0.068647        0.000000    0.016848        0.000000    0.017010        0.000000    0.000000        0.000000
 12         32.5000          0.0000           0.0000            0.0000          0.0000          0.0000         315.3000          0.00000      0.992482        0.000000    0.072269         0.000000      0.032313        0.000000   -0.005326        0.000000   -0.017985        0.000000    0.000000        0.000000
 13         30.0000          0.0000           0.0000            0.0000          0.0000          0.0000         309.0000          0.00000      1.001682        0.000000    0.080288         0.000000     -0.036031        0.000000   -0.001706        0.000000    0.017645        0.000000    0.000000        0.000000
 14         28.0000          0.0000           0.0000            0.0000          0.0000          0.0000         290.0000          0.00000      0.969076        0.000000    0.138167         0.000000      0.080418        0.000000   -0.028276        0.000000   -0.042358        0.000000    0.000000        0.000000
 15         26.0000          0.0000           0.0000            0.0000          0.0000          0.0000         284.5000          0.00000      0.982335        0.000000    0.089275         0.000000      0.031346        0.000000    0.017424        0.000000   -0.027574        0.000000    0.000000        0.000000
 16         24.5000          0.0000           0.0000            0.0000          0.0000          0.0000         281.4000          0.00000      0.988023        0.000000    0.100047         0.000000      0.053017        0.000000    0.007820        0.000000   -0.051592        0.000000    0.000000        0.000000
 17         23.0000          0.0000           0.0000            0.0000          0.0000          0.0000         276.0000          0.00000      0.977610        0.000000    0.070443         0.000000      0.081254        0.000000    0.037772        0.000000   -0.076287        0.000000    0.000000        0.000000
 18         22.5000          0.0000           0.0000            0.0000          0.0000          0.0000         282.0000          0.00000      1.064951        0.000000    0.130404         0.000000     -0.024476        0.000000   -0.051204        0.000000   -0.015571        0.000000    0.000000        0.000000
 19         20.8000          0.0000           0.0000            0.0000          0.0000          0.0000         287.8000          0.00000      1.014032        0.000000    0.160802         0.000000      0.057520        0.000000   -0.080668        0.000000   -0.090905        0.000000    0.000000        0.000000
 20         19.5000          0.0000           0.0000            0.0000          0.0000          0.0000         289.8000          0.00000      0.951856        0.000000    0.233336         0.000000      0.040004        0.000000   -0.680846        0.000000    0.525984        0.000000    0.000000        0.000000
