\order file
| order  | wavelength_center |    a5     |    a4     |    a3     |    a2     |    a1     |    a0     |    b5     |    b4     |    b3     |    b2     |    b1     |    b0     | wavelength_min | wavelength_max | width_search |  width_found |
| int    | real              |  real     | real      | real      |  real     |    real   | real      |  real     | real      | real      |  real     |    real   | real      | real           | real           | real         |  real        |
11                 18.7849     0.0000e+00  0.0000e+00  -680.252    132.488    -72.3228     9.67587     0.0000e+00  0.0000e+00  0.219225    0.00671302 -1530.43     64.5000          18.0055          19.5644        8.5000e+00     8.5000e+00
12                 17.2506     0.0000e+00  0.0000e+00  -1357.22    147.212    -54.1135     30.1403     0.0000e+00  0.0000e+00  0.219225    0.00671302 -1530.43     64.5000          16.5348          17.9663        8.5000e+00     8.5000e+00
13                 15.9480     0.0000e+00  0.0000e+00  -3751.66    95.6583    -32.0438     47.8591     0.0000e+00  0.0000e+00  0.219225    0.00671302 -1530.43     64.5000          15.2863          16.6097        8.5000e+00     8.5000e+00
14                 14.8283     0.0000e+00  0.0000e+00  4656.78     86.6885    -28.0618     62.8573     0.0000e+00  0.0000e+00 -0.0651115  -0.00133106 -1530.43     64.5000          14.2130          15.4435        8.5000e+00     8.5000e+00
15                 13.8555     0.0000e+00  0.0000e+00  3391.53     190.593    -14.8027     75.8619     0.0000e+00  0.0000e+00 -0.0249492   0.00600100 -1530.43     64.5001          13.2806          14.4304        8.5000e+00     8.5000e+00
16                 13.0025     0.0000e+00  0.0000e+00  -1047.71    26.5563    -1.44315     87.4030     0.0000e+00  0.0000e+00 -0.260989    0.00712154 -1530.43     64.5001          12.4630          13.5420        8.5000e+00     8.5000e+00
17                 12.2484     0.0000e+00  0.0000e+00  -222.301    140.495     10.0021     97.6958     0.0000e+00  0.0000e+00  0.130133    0.00113758 -1530.43     64.5001          11.7402          12.7566        8.5000e+00     8.5000e+00
18                 11.5770     0.0000e+00  0.0000e+00  -212.015    181.978     17.9855     106.790     0.0000e+00  0.0000e+00 -0.337881    0.00698141 -1530.43     64.5001          11.0966          12.0573        8.5000e+00     8.5000e+00   
19                 10.9754     0.0000e+00  0.0000e+00  -1094.38    150.140     28.4945     114.928     0.0000e+00  0.0000e+00  0.0195025   0.00736774 -1530.43     64.5001          10.5200          11.4308        8.5000e+00     8.5000e+00
20                 10.4332     0.0000e+00  0.0000e+00   1977.84    293.473     31.2042     122.273     0.0000e+00  0.0000e+00  0.362349    0.00437107 -1530.43     64.5001          10.0003          10.8661        8.5000e+00     8.5000e+00
