\tilt file
\character channelID = 1
| order   |  x or y  |    c3     |    c2     |    c1     |    c0     |  arctan(dy/dx)_beg  |  arctan(dy/dx)_end  |
11           y         0.00         0.00        0.00       11.1241         0.00                 0.00
12           y         0.00         0.00        0.00       10.2810         0.00                 0.00
13           y         0.00         0.00        0.00       9.51968         0.00                 0.00
14           y         0.00         0.00        0.00       8.84017         0.00                 0.00
15           y         0.00         0.00        0.00       8.24248         0.00                 0.00
16           y         0.00         0.00        0.00       7.72660         0.00                 0.00
17           y         0.00         0.00        0.00       7.29252         0.00                 0.00
18           y         0.00         0.00        0.00       6.94026         0.00                 0.00
19           y         0.00         0.00        0.00       6.66980         0.00                 0.00
20           y         0.00         0.00        0.00       6.48115         0.00                 0.00
