| order  | key_wavelength |    passband    |   signal_irs   |  s_irs_sigma  |   signal_ref   |  s_ref_sigma  |   fluxcon   |  fluxcon_sigma  |    a0     |    a0_sigma   |    a1     |    a1_sigma   |     a2     |    a2_sigma   |    a3     |    a3_sigma   |    a4     |    a4_sigma   |    a5     |   a5_sigma   |
| int    | real           |    real        |   real         |  real         |   real         |  real         |   real      |  real           |   real    |    real       |   real    |    real       |     real   |    real       |   real    |    real       |    real   |    real       |    real   |   real       |
|        |  microns       |    microns     |  electrons/sec | electrons/sec |     Jy         |     Jy        | elec/sec/Jy |  elec/sec/Jy    |           |               |           |               |            |               |           |               |           |               |           |              |
 11         35.5000          0.4000           0.00000           0.00000         0.00000         0.00000        338.2417297       0.00000      1.0162326       0.00000      0.0484594       0.00000      -0.0217223       0.00000     0.0031481       0.00000     0.0116167       0.00000     0.0000000       0.00000
 12         33.4000          0.4000           0.00000           0.00000         0.00000         0.00000        338.2315674       0.00000      0.9983909       0.00000      0.0359082       0.00000      -0.0116549       0.00000     0.0004471       0.00000     0.0016690       0.00000     0.0000000       0.00000
 13         29.8000          0.4000           0.00000           0.00000         0.00000         0.00000        341.5421448       0.00000      1.0030395       0.00000      0.0835028       0.00000      -0.0411233       0.00000    -0.0574777       0.00000     0.0399721       0.00000     0.0000000       0.00000
 14         27.6000          0.4000           0.00000           0.00000         0.00000         0.00000        302.6721802       0.00000      0.9889951       0.00000      0.0200589       0.00000       0.0316081       0.00000     0.0946245       0.00000    -0.0528333       0.00000     0.0000000       0.00000
 15         26.6000          0.3500           0.00000           0.00000         0.00000         0.00000        316.6275635       0.00000      0.9908137       0.00000      0.1621568       0.00000       0.0641551       0.00000    -0.0885146       0.00000    -0.0566190       0.00000     0.0000000       0.00000
 16         24.7200          0.3500           0.00000           0.00000         0.00000         0.00000        293.9028015       0.00000      0.9857466       0.00000      0.0893882       0.00000       0.0106068       0.00000    -0.0088395       0.00000    -0.0044415       0.00000     0.0000000       0.00000
 17         23.1000          0.5000           0.00000           0.00000         0.00000         0.00000        285.2380371       0.00000      1.0044261       0.00000      0.0499208       0.00000      -0.0054603       0.00000    -0.0050871       0.00000    -0.0078642       0.00000     0.0000000       0.00000
 18         22.0000          0.5000           0.00000           0.00000         0.00000         0.00000        290.8376465       0.00000      0.9953568       0.00000      0.1124679       0.00000      -0.0402607       0.00000    -0.0800902       0.00000     0.0045255       0.00000     0.0000000       0.00000
 19         20.2000          0.3250           0.00000           0.00000         0.00000         0.00000        284.1431580       0.00000      1.0101876       0.00000      0.0584746       0.00000      -0.0098602       0.00000     0.1881981       0.00000    -0.1612453       0.00000     0.0000000       0.00000
 20         19.4000          0.3250           0.00000           0.00000         0.00000         0.00000        311.9255371       0.00000      0.9877366       0.00000      0.0398561       0.00000       0.0458072       0.00000     0.1003246       0.00000    -0.2274155       0.00000     0.0000000       0.00000
