\order file
\character channelID = 3
| order  | wavelength_center |    a5     |    a4     |    a3     |    a2     |    a1     |    a0     |    b5     |    b4     |    b3     |    b2     |    b1     |    b0     | wavelength_min | wavelength_max | width_search |  width_found |
| int    | real              |  real     | real      | real      |  real     |    real   | real      |  real     | real      | real      |  real     |    real   | real      | real           | real           | real         |  real        |
11                 35.4995     0.0000e+00  0.0000e+00  0.0000e+00  0.0000e+00   88.1860    120.191     0.0000e+00  0.0000e+00  0.0000e+00  0.00501252  1309.99   63.9986       33.7652            37.2339       6.5000e+00     6.000e+00
12                 32.5769     0.0000e+00  0.0000e+00  0.0000e+00  0.0000e+00   65.8385    99.5799     0.0000e+00  0.0000e+00  0.0000e+00  0.00246944  1264.35   63.9998       30.9279            34.2259       6.5000e+00     6.000e+00
13                 30.1957     0.0000e+00  0.0000e+00  0.0000e+00  0.0000e+00   47.3120    82.3264     0.0000e+00  0.0000e+00  0.0000e+00  -0.00697931 1349.42   63.9993       28.7636            31.6278       6.5000e+00     6.000e+00
14                 28.1227     0.0000e+00  0.0000e+00  0.0000e+00  0.0000e+00   31.9049    67.1836     0.0000e+00  0.0000e+00  0.0000e+00  0.00419079  1242.47   63.9993       26.6741            29.5713       6.5000e+00     6.000e+00
15                 26.2663     0.0000e+00  0.0000e+00  0.0000e+00  0.0000e+00   18.9156    53.9050     0.0000e+00  0.0000e+00  0.0000e+00  -0.00632653 1260.06   64.0004       24.9322            27.6004       6.5000e+00     6.000e+00
16                 24.6546     0.0000e+00  0.0000e+00  0.0000e+00  0.0000e+00   7.64281    42.2439     0.0000e+00  0.0000e+00  0.0000e+00  0.000829816 1252.31   64.0007       23.3946            25.9146       6.5000e+00     6.000e+00
17                 23.2005     0.0000e+00  0.0000e+00  0.0000e+00  0.0000e+00  -2.61512    31.9540     0.0000e+00  0.0000e+00  0.0000e+00  -0.00687604 1293.03   63.9978       22.0522            24.3489       6.5000e+00     6.000e+00
18                 21.9276     0.0000e+00  0.0000e+00  0.0000e+00  0.0000e+00  -12.5597    22.7885     0.0000e+00  0.0000e+00  0.0000e+00  0.0153895   1285.48   63.9998       20.8359            23.0193       6.5000e+00     6.000e+00
19                 20.6424     0.0000e+00  0.0000e+00  0.0000e+00  0.0000e+00  -22.8923    14.5010     0.0000e+00  0.0000e+00  0.0000e+00  -0.0125528  1355.81   63.9997       19.6680            21.6168       6.0000e+00     6.0000e+00
20                 19.6074     0.0000e+00  0.0000e+00  0.0000e+00  0.0000e+00  -34.3146    6.84493     0.0000e+00  0.0000e+00  0.0000e+00   0.0411447  1426.70   64.0026       18.7278            20.4869       6.0000e+00     6.0000e+00
