\comment SLCF: SLIT LOSS CORRECTION FUNCTION, LL
\comment 2005-02-18, JD Smith
\comment From the SPITE simulations of G. Sloan (PSF circular+central
\comment obscuration, geometric slits).  To be updated by K. Sheth, using 
\comment STinyTim PSF + derived slit beam profiles
| wavelength        |   slcf         |
| real              |   real         |
| micron            |                |
       13.80000019      0.8849999905
       13.89999962      0.8830999732
       14.00000000      0.8810999990
       14.10000038      0.8791999817
       14.19999981      0.8773000240
       14.30000019      0.8755000234
       14.39999962      0.8736000061
       14.50000000      0.8718000054
       14.60000038      0.8700000048
       14.69999981      0.8682000041
       14.80000019      0.8665000200
       14.89999962      0.8647999763
       15.00000000      0.8630999923
       15.10000038      0.8614000082
       15.19999981      0.8597000241
       15.30000019      0.8580999970
       15.39999962      0.8565000296
       15.50000000      0.8549000025
       15.60000038      0.8533999920
       15.69999981      0.8518999815
       15.80000019      0.8503999710
       15.89999962      0.8489000201
       16.00000000      0.8475000262
       16.10000038      0.8461999893
       16.20000076      0.8449000120
       16.29999924      0.8435999751
       16.39999962      0.8422999978
       16.50000000      0.8410999775
       16.60000038      0.8399999738
       16.70000076      0.8388000131
       16.79999924      0.8378000259
       16.89999962      0.8367999792
       17.00000000      0.8357999921
       17.10000038      0.8348000050
       17.20000076      0.8339999914
       17.29999924      0.8331000209
       17.39999962      0.8323000073
       17.50000000      0.8314999938
       17.60000038      0.8307999969
       17.70000076      0.8300999999
       17.79999924      0.8295000196
       17.89999962      0.8288000226
       18.00000000      0.8281999826
       18.10000038      0.8277000189
       18.20000076      0.8270999789
       18.29999924      0.8266000152
       18.39999962      0.8260999918
       18.50000000      0.8256000280
       18.60000038      0.8252000213
       18.70000076      0.8246999979
       18.79999924      0.8242999911
       18.89999962      0.8238000274
       19.00000000      0.8234000206
       19.10000038      0.8230000138
       19.20000076      0.8224999905
       19.29999924      0.8220999837
       19.39999962      0.8216999769
       19.50000000      0.8213000298
       19.60000038      0.8209000230
       19.70000076      0.8205000162
       19.79999924      0.8199999928
       19.89999962      0.8195999861
       20.00000000      0.8191999793
       20.10000038      0.8187999725
       20.20000076      0.8183000088
       20.29999924      0.8179000020
       20.39999962      0.8174999952
       20.50000000      0.8170999885
       20.60000038      0.8166000247
       20.70000076      0.8162000179
       20.79999924      0.8158000112
       20.89999962      0.8152999878
       21.00000000      0.8148999810
       21.10000038      0.8144999743
       21.20000076      0.8141000271
       21.29999924      0.8136000037
       21.39999962      0.8131999969
       21.50000000      0.8127999902
       21.60000038      0.8123999834
       21.70000076      0.8119999766
       21.79999924      0.8116000295
       21.89999962      0.8112000227
       22.00000000      0.8108000159
       22.10000038      0.8104000092
       22.20000076      0.8100000024
       22.29999924      0.8095999956
       22.39999962      0.8091999888
       22.50000000      0.8088999987
       22.60000038      0.8084999919
       22.70000076      0.8080999851
       22.79999924      0.8076999784
       22.89999962      0.8072999716
       23.00000000      0.8069999814
       23.10000038      0.8065999746
       23.20000076      0.8062000275
       23.29999924      0.8058999777
       23.39999962      0.8054999709
       23.50000000      0.8051000237
       23.60000038      0.8047000170
       23.70000076      0.8043000102
       23.79999924      0.8039000034
       23.89999962      0.8033999801
       24.00000000      0.8029999733
       24.10000038      0.8026000261
       24.20000076      0.8021000028
       24.29999924      0.8016999960
       24.39999962      0.8011999726
       24.50000000      0.8007000089
       24.60000038      0.8001999855
       24.70000076      0.7997000217
       24.79999924      0.7993000150
       24.89999962      0.7986999750
       25.00000000      0.7982000113
       25.10000038      0.7976999879
       25.20000076      0.7971000075
       25.29999924      0.7965999842
       25.39999962      0.7960000038
       25.50000000      0.7954000235
       25.60000038      0.7949000001
       25.70000076      0.7943000197
       25.79999924      0.7936000228
       25.89999962      0.7929999828
       26.00000000      0.7924000025
       26.10000038      0.7918000221
       26.20000076      0.7911000252
       26.29999924      0.7904999852
       26.39999962      0.7897999883
       26.50000000      0.7890999913
       26.60000038      0.7885000110
       26.70000076      0.7878000140
       26.79999924      0.7871000171
       26.89999962      0.7864000201
       27.00000000      0.7857000232
       27.10000038      0.7850000262
       27.20000076      0.7842000127
       27.29999924      0.7835000157
       27.39999962      0.7828000188
       27.50000000      0.7820000052
       27.60000038      0.7813000083
       27.70000076      0.7806000113
       27.79999924      0.7797999978
       27.89999962      0.7791000009
       28.00000000      0.7782999873
       28.10000038      0.7774999738
       28.20000076      0.7767999768
       28.29999924      0.7760000229
       28.39999962      0.7752000093
       28.50000000      0.7743999958
       28.60000038      0.7736999989
       28.70000076      0.7728999853
       28.79999924      0.7720999718
       28.89999962      0.7713000178
       29.00000000      0.7705000043
       29.10000038      0.7696999907
       29.20000076      0.7688999772
       29.29999924      0.7681000233
       29.39999962      0.7673000097
       29.50000000      0.7664999962
       29.60000038      0.7656999826
       29.70000076      0.7649000287
       29.79999924      0.7641000152
       29.89999962      0.7631999850
       30.00000000      0.7623999715
       30.10000038      0.7616000175
       30.20000076      0.7608000040
       30.29999924      0.7598999739
       30.39999962      0.7591000199
       30.50000000      0.7583000064
       30.60000038      0.7573999763
       30.70000076      0.7566000223
       30.79999924      0.7556999922
       30.89999962      0.7548999786
       31.00000000      0.7540000081
       31.10000038      0.7531999946
       31.20000076      0.7523000240
       31.29999924      0.7515000105
       31.39999962      0.7505999804
       31.50000000      0.7497000098
       31.60000038      0.7487999797
       31.70000076      0.7480000257
       31.79999924      0.7470999956
       31.89999962      0.7462000251
       32.00000000      0.7452999949
       32.09999847      0.7444000244
       32.20000076      0.7436000109
       32.29999924      0.7426999807
       32.40000153      0.7418000102
       32.50000000      0.7408999801
       32.59999847      0.7400000095
       32.70000076      0.7390000224
       32.79999924      0.7380999923
       32.90000153      0.7372999787
       33.00000000      0.7364000082
       33.09999847      0.7354999781
       33.20000076      0.7346000075
       33.29999924      0.7336999774
       33.40000153      0.7328000069
       33.50000000      0.7318000197
       33.59999847      0.7308999896
       33.70000076      0.7300000191
       33.79999924      0.7289999723
       33.90000153      0.7281000018
       34.00000000      0.7271999717
       34.09999847      0.7261999846
       34.20000076      0.7253000140
       34.29999924      0.7243000269
       34.40000153      0.7233999968
       34.50000000      0.7224000096
       34.59999847      0.7214999795
       34.70000076      0.7204999924
       34.79999924      0.7195000052
       34.90000153      0.7185999751
       35.00000000      0.7175999880
       35.09999847      0.7167000175
       35.20000076      0.7156999707
       35.29999924      0.7146999836
       35.40000153      0.7138000131
       35.50000000      0.7128000259
       35.59999847      0.7117999792
       35.70000076      0.7109000087
       35.79999924      0.7099000216
       35.90000153      0.7088999748
       36.00000000      0.7080000043
       36.09999847      0.7070000172
       36.20000076      0.7060999870
       36.29999924      0.7050999999
       36.40000153      0.7041000128
       36.50000000      0.7031999826
       36.59999847      0.7021999955
       36.70000076      0.7012000084
       36.79999924      0.7002999783
       36.90000153      0.6992999911
       37.00000000      0.6984000206
       37.09999847      0.6973999739
       37.20000076      0.6963999867
       37.29999924      0.6955000162
       37.40000153      0.6945000291
       37.50000000      0.6935999990
       37.59999847      0.6926000118
       37.70000076      0.6916999817
       37.79999924      0.6906999946
       37.90000153      0.6898000240
       38.00000000      0.6888999939
       38.09999847      0.6879000068
       38.20000076      0.6869999766
       38.29999924      0.6861000061
       38.40000153      0.6851000190
       38.50000000      0.6841999888
       38.59999847      0.6833000183
       38.70000076      0.6823999882
       38.79999924      0.6814000010
       38.90000153      0.6804999709
       39.00000000      0.6796000004
       39.09999847      0.6786999702
       39.20000076      0.6777999997
       39.29999924      0.6769000292
       39.40000153      0.6759999990
       39.50000000      0.6751000285
       39.59999847      0.6741999984
       39.70000076      0.6733999848
       39.79999924      0.6725000143
       39.90000153      0.6715999842
       40.00000000      0.6707000136
       40.09999847      0.6697999835
       40.20000076      0.6690000296
       40.29999924      0.6680999994
       40.40000153      0.6672999859
       40.50000000      0.6664000154
       40.59999847      0.6656000018
       40.70000076      0.6646999717
       40.79999924      0.6639000177
       40.90000153      0.6629999876
       41.00000000      0.6621999741
       41.09999847      0.6614000201
       41.20000076      0.6606000066
       41.29999924      0.6596999764
       41.40000153      0.6589000225
       41.50000000      0.6581000090
       41.59999847      0.6572999954
       41.70000076      0.6564999819
       41.79999924      0.6557000279
       41.90000153      0.6549000144
       42.00000000      0.6542000175
       42.09999847      0.6534000039
       42.20000076      0.6525999904
       42.29999924      0.6518999934
       42.40000153      0.6510999799
       42.50000000      0.6503000259
       42.59999847      0.6496000290
       42.70000076      0.6488000154
