\comment  New fluxcon as of Nov. 17, 2004 based on HR 6688
| order  | key_wavelength |    passband    |   signal_irs   |  s_irs_sigma  |   signal_ref   |  s_ref_sigma  |   fluxcon   |  fluxcon_sigma  |    a0     |    a0_sigma   |    a1     |    a1_sigma   |     a2     |    a2_sigma   |    a3     |    a3_sigma   |    a4     |    a4_sigma   |    a5     |   a5_sigma   |
| int    | real           |    real        |   real         |  real         |   real         |  real         |   real      |  real           |   real    |    real       |   real    |    real       |     real   |    real       |   real    |    real       |    real   |    real       |    real   |   real       |
|        |  microns       |    microns     |  electrons/sec | electrons/sec |     Jy         |     Jy        | elec/sec/Jy |  elec/sec/Jy    |           |               |           |               |            |               |           |               |           |               |           |              |
 11         35.5000          0.4000           0.00000           0.00000         0.00000         0.00000        292.              0.00000      1.043641        0.00000      0.032540        0.00000      -0.052071        0.00000    -0.018283        0.00000     0.014415        0.00000     0.0000000       0.00000
 12         32.5000          0.4000           0.00000           0.00000         0.00000         0.00000        291.              0.00000      1.004213        0.00000      0.030578        0.00000      -0.019144        0.00000     0.007624        0.00000     0.009939        0.00000     0.0000000       0.00000
 13         30.0000          0.4000           0.00000           0.00000         0.00000         0.00000        316.              0.00000      0.969085        0.00000      0.048442        0.00000      -0.020476        0.00000    -0.009139        0.00000     0.009141        0.00000     0.0000000       0.00000
 14         28.0000          0.4000           0.00000           0.00000         0.00000         0.00000        274.              0.00000      0.985885        0.00000      0.037754        0.00000       0.061138        0.00000     0.021630        0.00000    -0.032827        0.00000     0.0000000       0.00000
 15         26.0000          0.3500           0.00000           0.00000         0.00000         0.00000        276.              0.00000      1.005935        0.00000      0.019400        0.00000       0.022859        0.00000     0.045565        0.00000    -0.031135        0.00000     0.0000000       0.00000
 16         24.5000          0.3500           0.00000           0.00000         0.00000         0.00000        281.              0.00000      1.000926        0.00000      0.070408        0.00000      -0.011599        0.00000    -0.021769        0.00000     0.017429        0.00000     0.0000000       0.00000
 17         23.0000          0.5000           0.00000           0.00000         0.00000         0.00000        288.              0.00000      1.011660        0.00000      0.037509        0.00000      -0.012097        0.00000    -0.006343        0.00000     0.038107        0.00000     0.0000000       0.00000
 18         22.5000          0.5000           0.00000           0.00000         0.00000         0.00000        311.              0.00000      0.983291        0.00000      0.051818        0.00000      -0.036760        0.00000    -0.029314        0.00000    -0.003576        0.00000     0.0000000       0.00000
 19         20.8000          0.3250           0.00000           0.00000         0.00000         0.00000        305.              0.00000      1.036507        0.00000      0.091288        0.00000       0.040859        0.00000    -0.020282        0.00000    -0.047553        0.00000     0.0000000       0.00000
 20         19.5000          0.3250           0.00000           0.00000         0.00000         0.00000        291.              0.00000      0.983627        0.00000      0.202105        0.00000      -0.061707        0.00000    -0.289226        0.00000     0.245189        0.00000     0.0000000       0.00000
