\order file
\character channelID = 3
| order   | wavelength_center |    a5     |    a4     |    a3     |    a2     |    a1     |    a0     |    b5     |    b4     |    b3     |    b2      |    b1      |    b0     | wavelength_min | wavelength_max | width_search |  width_found |
| int     | real              |  real     | real      | real      |  real     |    real   | real      |  real     | real      | real      |  real      |    real    | real      | real           | real           | real         |  real        |
 11            35.34692         0.0000e+00  0.0000e+00  0.0000e+00  0.0000e+00   88.1860    119.341     0.0000e+00  0.0000e+00  0.0000e+00    736.41260   1298.79968    57.89400     33.7452            37.2339       6.5000e+00     4.750e+00
 12            32.50160         0.0000e+00  0.0000e+00  0.0000e+00  0.0000e+00   65.8385    98.6799     0.0000e+00  0.0000e+00  0.0000e+00    726.65350   1290.16504    57.89400     30.9279            34.2259       6.5000e+00     4.610e+00
 13            30.08501         0.0000e+00  0.0000e+00  0.0000e+00  0.0000e+00   47.3120    81.3764     0.0000e+00  0.0000e+00  0.0000e+00    738.74194   1300.85217    57.89400     28.7136            31.6678       6.5000e+00     4.750e+00
 14            27.97612         0.0000e+00  0.0000e+00  0.0000e+00  0.0000e+00   31.9049    66.2836     0.0000e+00  0.0000e+00  0.0000e+00    721.66870   1285.73218    57.89400     26.6741            29.5713       6.5000e+00     4.750e+00
 15            26.14389         0.0000e+00  0.0000e+00  0.0000e+00  0.0000e+00   18.9156    53.0750     0.0000e+00  0.0000e+00  0.0000e+00    724.15497   1287.94507    57.89400     24.9322            27.6004       6.5000e+00     4.800e+00
 16            24.53523         0.0000e+00  0.0000e+00  0.0000e+00  0.0000e+00   7.64281    41.4939     0.0000e+00  0.0000e+00  0.0000e+00    728.70795   1291.98755    57.89400     23.3946            25.9146       6.5000e+00     4.750e+00
 17            23.10618         0.0000e+00  0.0000e+00  0.0000e+00  0.0000e+00  -2.61512    31.0540     0.0000e+00  0.0000e+00  0.0000e+00    705.09875   1270.88586    57.89400     22.0122            24.3489       6.5000e+00     4.700e+00
 18            21.82563         0.0000e+00  0.0000e+00  0.0000e+00  0.0000e+00  -12.5597    21.9385     0.0000e+00  0.0000e+00  0.0000e+00    710.13336   1275.41504    57.89400     20.8159            23.0193       6.5000e+00     4.750e+00
 19            20.69143         0.0000e+00  0.0000e+00  0.0000e+00  0.0000e+00  -22.8923    13.6010     0.0000e+00  0.0000e+00  0.0000e+00    740.26294   1302.19067    57.89400     19.6680            21.7844       6.0000e+00     4.800e+00
 20            19.66696         0.0000e+00  0.0000e+00  0.0000e+00  0.0000e+00  -34.3146    6.09493     0.0000e+00  0.0000e+00  0.0000e+00    697.44580   1263.97009    57.89400     18.7411            20.7736       6.0000e+00     4.800e+00
