\comment SH ordfind table for S18.0, 01 Nov 2007
\comment all b0, b1, b2, a0, a1, a2 coefficents are from optimized Code V model from Ball of 2007 Nov 01
\character channelID = 1
| order | wavelength_center |  a5   | a4     | a3    |  a2       |    a1     | a0        |  b5       | b4          | b3        |  b2      |    b1       | b0       | wavelength_min | wavelength_max | width_search |  width_found  |
| int   | real              |  rea  | real   | real  |  real     |  real     | real      |  real     | real        | real      |  real    |    real     | real     | real           | real           | real         |  real         |
 11         18.63449         0.0000  0.000    0.0000  50.4529     -65.0964      9.15657   0.00000000    0.00000000  0.00000000  -147.550    -1298.72      65.3890          17.7346      19.5740           8.5000e+00     5.00000e+00
 12         17.12907         0.0000  0.000    0.0000  51.4862     -48.3960     29.6623    0.00000000    0.00000000  0.00000000  -145.273    -1297.31      65.0731          16.3006      17.9828           8.5000e+00     5.00000e+00
 13         15.84287         0.0000  0.000    0.0000  52.2953     -34.2312     47.1345    0.00000000    0.00000000  0.00000000  -143.420    -1295.93      65.1022          15.0668      16.6447           8.5000e+00     5.10000e+00
 14         14.73198         0.0000  0.000    0.0000  52.9555     -22.0602     62.1934    0.00000000    0.00000000  0.00000000  -141.865    -1294.56      65.3762          14.0152      15.4761           8.5000e+00     5.00000e+00
 15         13.76774         0.0000  0.000    0.0000  53.5011     -11.4643     75.2984    0.00000000    0.00000000  0.00000000  -140.697    -1293.71      65.4136          13.0986      14.4622           8.5000e+00     5.05000e+00
 16         12.92614         0.0000  0.000    0.0000  53.9707      -2.11927    86.8101    0.00000000    0.00000000  0.00000000  -139.998    -1293.65      64.9529          12.2926      13.5738           8.5000e+00     5.00000e+00
 17         12.14486         0.0000  0.000    0.0000  54.3069       5.82477    96.9911    0.00000000    0.00000000  0.00000000  -137.809    -1288.99      68.3746          11.5797      12.7323           8.5000e+00     5.00000e+00
 18         11.45480         0.0000  0.000    0.0000  54.5701      12.8991    106.036     0.00000000    0.00000000  0.00000000  -136.069    -1285.26      71.1140          10.9457      11.9823           8.5000e+00     5.00000e+00
 19         10.82893         0.0000  0.000    0.0000  54.7470      19.1073    114.109     0.00000000    0.00000000  0.00000000  -134.099    -1280.60      74.7031          10.3754      11.3010           8.5000e+00     5.75000e+00
 20         10.27684         0.0000  0.000    0.0000  53.9062      24.7997    121.385     0.00000000    0.00000000  0.00000000  -132.845    -1277.83      76.7777           9.8635      10.7060           8.5000e+00     5.75000e+00
